"['g1', 'tau1']","['g2', 'tau2']",OBJ,G0,G1,G2
8.9999999999999997e-02,4.0271000000000001e+01,5.0000000000000003e-02,1.8000000000000000e+03,5.6520377070605698e-02,-1.0000000000000000e+00,-3.1000000000000000e-02,-8.8813611111111113e-01
9.0450000000000003e-02,4.0271000000000001e+01,5.0000000000000003e-02,1.8000000000000000e+03,5.6178455154057123e-02,-1.0000000000000000e+00,-3.1405000000000002e-02,-8.8813611111111113e-01
8.9999999999999997e-02,4.0472355000000000e+01,5.0000000000000003e-02,1.8000000000000000e+03,5.6496000008468689e-02,-1.0000000000000000e+00,-3.1000000000000000e-02,-8.8757679166666659e-01
8.9999999999999997e-02,4.0271000000000001e+01,5.0250000000000003e-02,1.8000000000000000e+03,5.6403892268782299e-02,-1.0000000000000000e+00,-3.0750000000000000e-02,-8.8813611111111113e-01
8.9999999999999997e-02,4.0271000000000001e+01,5.0000000000000003e-02,1.8090000000000000e+03,5.6581653426926427e-02,-1.0000000000000000e+00,-3.1000000000000000e-02,-8.9313611111111113e-01
9.0923114831206228e-02,4.0300448288448209e+01,5.0174713132133134e-02,1.7966913432228664e+03,5.5711459746078544e-02,-1.0000000000000000e+00,-3.1656090215952476e-02,-8.8621616765590294e-01
9.0352598502359494e-02,4.0282248245670928e+01,5.0066734480532817e-02,1.7987362055239491e+03,5.6211277758764590e-02,-1.0000000000000000e+00,-3.1250604171590736e-02,-8.8740275794199697e-01
9.0570516356357683e-02,4.0289200043654908e+01,5.0107978656807182e-02,1.7979551376003114e+03,5.6020354676744190e-02,-1.0000000000000000e+00,-3.1405486063914738e-02,-8.8694952076779832e-01
9.0705196994088730e-02,4.0293496491002756e+01,5.0133468959053684e-02,1.7974724110860000e+03,5.5902369899773881e-02,-1.0000000000000000e+00,-3.1501208335626169e-02,-8.8666940479499223e-01
9.0788434203983456e-02,4.0296151841435595e+01,5.0149222831875472e-02,1.7971740696995141e+03,5.5829415023390519e-02,-1.0000000000000000e+00,-3.1560367951709641e-02,-8.8649628360685340e-01
9.0839877627759372e-02,4.0297792938221065e+01,5.0158959260531696e-02,1.7969896845862420e+03,5.5784342685773529e-02,-1.0000000000000000e+00,-3.1596930604451734e-02,-8.8638928883063151e-01
9.1377730405362262e-02,4.0300448288448209e+01,5.0174713132133134e-02,1.7966913432228664e+03,5.5366537082075042e-02,-1.0000000000000000e+00,-3.2065244232692899e-02,-8.8621616765590294e-01
9.0923114831206228e-02,4.0501950529890451e+01,5.0174713132133134e-02,1.7966913432228664e+03,5.5686740847534867e-02,-1.0000000000000000e+00,-3.1656090215952476e-02,-8.8565643920745241e-01
9.0923114831206228e-02,4.0300448288448209e+01,5.0425586697793796e-02,1.7966913432228664e+03,5.5594412900881025e-02,-1.0000000000000000e+00,-3.1405216650291813e-02,-8.8621616765590294e-01
9.0923114831206228e-02,4.0300448288448209e+01,5.0174713132133134e-02,1.8056747999389806e+03,5.5772953804110369e-02,-1.0000000000000000e+00,-3.1656090215952476e-02,-8.9120697694263307e-01
9.5509858602908476e-02,4.0461199845706645e+01,5.1059028860798647e-02,1.7794965284727155e+03,5.1690931883134721e-02,-1.0000000000000000e+00,-3.4899843881818979e-02,-8.7621696069121235e-01
9.2675095115712883e-02,4.0361849921728449e+01,5.0512491695535663e-02,1.7901235081883779e+03,5.4172986091380416e-02,-1.0000000000000000e+00,-3.2895093908605927e-02,-8.8239681032207540e-01
9.3757878455097463e-02,4.0399798217217167e+01,5.0721250323750779e-02,1.7860643629947588e+03,5.3223839528150872e-02,-1.0000000000000000e+00,-3.3660840285836942e-02,-8.8003631772704050e-01
9.4427075347400163e-02,4.0423251553157542e+01,5.0850270248754728e-02,1.7835556733518988e+03,5.2637868981878631e-02,-1.0000000000000000e+00,-3.4134097563905424e-02,-8.7857745310339508e-01
9.4840661762818856e-02,4.0437746511596174e+01,5.0930008945861277e-02,1.7820052179198385e+03,5.2276013631123025e-02,-1.0000000000000000e+00,-3.4426586640675702e-02,-8.7767582520103204e-01
9.5096272219527656e-02,4.0446704888390848e+01,5.0979290169868942e-02,1.7810469837846717e+03,5.2052414422851259e-02,-1.0000000000000000e+00,-3.4607354827705945e-02,-8.7711858852373203e-01
9.5987407895923027e-02,4.0461199845706645e+01,5.1059028860798647e-02,1.7794965284727155e+03,5.1331877748645185e-02,-1.0000000000000000e+00,-3.5329638245532077e-02,-8.7621696069121235e-01
9.5509858602908476e-02,4.0663505844935180e+01,5.1059028860798647e-02,1.7794965284727155e+03,5.1664232806381272e-02,-1.0000000000000000e+00,-3.4899843881818979e-02,-8.7565499958224424e-01
9.5509858602908476e-02,4.0461199845706645e+01,5.1314324005102642e-02,1.7794965284727155e+03,5.1570997742430312e-02,-1.0000000000000000e+00,-3.4644548737514984e-02,-8.7621696069121235e-01
9.5509858602908476e-02,4.0461199845706645e+01,5.1059028860798647e-02,1.7883940111150791e+03,5.1753440745663355e-02,-1.0000000000000000e+00,-3.4899843881818979e-02,-8.8116000660363658e-01
1.1834112914479636e-01,4.1332872780291197e+01,5.5539091708544007e-02,1.6906430225721219e+03,3.2282608776923148e-02,-1.0000000000000000e+00,-5.0967924521772713e-02,-8.2443258815037002e-01
1.0423062824921032e-01,4.0794149291313772e+01,5.2770260656876851e-02,1.7455575080487858e+03,4.4103677801234538e-02,-1.0000000000000000e+00,-4.1037304767412443e-02,-8.5643708977345390e-01
1.0962036017891942e-01,4.0999923360661946e+01,5.3827860045982077e-02,1.7245820403480109e+03,3.9498391516848565e-02,-1.0000000000000000e+00,-4.4830464115045397e-02,-8.4421245752483398e-01
1.1295139763259510e-01,4.1127098726883013e+01,5.4481492401364205e-02,1.7116184886480626e+03,3.6700094230672622e-02,-1.0000000000000000e+00,-4.7174765467971384e-02,-8.3665721945202642e-01
1.1501009195101984e-01,4.1205697423992810e+01,5.4885459404160564e-02,1.7036065732606085e+03,3.4994407823141692e-02,-1.0000000000000000e+00,-4.8623623351757295e-02,-8.3198782563369134e-01
1.1628243498584540e-01,4.1254274089269927e+01,5.5135124737040374e-02,1.6986549373389444e+03,3.3950980216321855e-02,-1.0000000000000000e+00,-4.9519066750220490e-02,-8.2910198160699700e-01
1.1893283479052034e-01,4.1332872780291197e+01,5.5539091708544007e-02,1.6906430225721219e+03,3.1885886457983958e-02,-1.0000000000000000e+00,-5.1500459602924299e-02,-8.2443258815037002e-01
1.1834112914479636e-01,4.1539537144192657e+01,5.5539091708544007e-02,1.6906430225721219e+03,3.2241338896839548e-02,-1.0000000000000000e+00,-5.0967924521772713e-02,-8.2385852047286590e-01
1.1834112914479636e-01,4.1332872780291197e+01,5.5816787167086726e-02,1.6906430225721219e+03,3.2150333776780685e-02,-1.0000000000000000e+00,-5.0690229063229994e-02,-8.2443258815037002e-01
1.1834112914479636e-01,4.1332872780291197e+01,5.5539091708544007e-02,1.6990962376849825e+03,3.2348023033827035e-02,-1.0000000000000000e+00,-5.0967924521772713e-02,-8.2912881876862587e-01
1.5544502828018425e-01,4.2985562383720605e+01,6.3071714291446632e-02,1.5378628643163065e+03,1.8002849968010808e-02,-1.0000000000000000e+00,-7.6828811160719199e-02,-7.3496391799872418e-01
1.3251355799608094e-01,4.1964144058072392e+01,5.8416297611627886e-02,1.6322861928797024e+03,2.1843689831319214e-02,-1.0000000000000000e+00,-6.0845904584844963e-02,-7.9025859588296687e-01
1.4127260053468202e-01,4.2354291155193401e+01,6.0194508612852402e-02,1.5962196894555225e+03,1.7501871040052311e-02,-1.0000000000000000e+00,-6.6950831868361413e-02,-7.6913790759975298e-01
1.4668598642008981e-01,4.2595415316821800e+01,6.1293503427968687e-02,1.5739293649466467e+03,1.6427725451240136e-02,-1.0000000000000000e+00,-7.0723884350112148e-02,-7.5608460464585425e-01
1.5003164281714779e-01,4.2744438240905559e+01,6.1972719562077755e-02,1.5601531870860135e+03,1.6552744582999601e-02,-1.0000000000000000e+00,-7.3055758973355256e-02,-7.4801721993415871e-01
1.4461825709494483e-01,4.2503314086546673e+01,6.0873724780094389e-02,1.5824435109228723e+03,1.6658862452535023e-02,-1.0000000000000000e+00,-6.9282706605355959e-02,-7.6107052249452156e-01
1.4770269671033454e-01,4.2640701838334152e+01,6.1499910168797245e-02,1.5697429273305593e+03,1.6400086446968998e-02,-1.0000000000000000e+00,-7.1432516870503837e-02,-7.5363301007716033e-01
1.4844121019388620e-01,4.2640701838334152e+01,6.1499910168797245e-02,1.5697429273305593e+03,1.6456119675141791e-02,-1.0000000000000000e+00,-7.2097179005700340e-02,-7.5363301007716033e-01
1.4770269671033454e-01,4.2853905347525817e+01,6.1499910168797245e-02,1.5697429273305593e+03,1.6328558631776735e-02,-1.0000000000000000e+00,-7.1432516870503837e-02,-7.5304077810718340e-01
1.4770269671033454e-01,4.2640701838334152e+01,6.1807409719641229e-02,1.5697429273305593e+03,1.6347302370553502e-02,-1.0000000000000000e+00,-7.1125017319659853e-02,-7.5363301007716033e-01
1.4770269671033454e-01,4.2640701838334152e+01,6.1499910168797245e-02,1.5775916419672121e+03,1.6418301193443726e-02,-1.0000000000000000e+00,-7.1432516870503837e-02,-7.5799340709752305e-01
1.4760121997901329e-01,4.2721511352145420e+01,6.1561756426694925e-02,1.5687079480419097e+03,1.6353700434311336e-02,-1.0000000000000000e+00,-7.1279341554417036e-02,-7.5283355071176805e-01
1.4766393604667857e-01,4.2671568327077509e+01,6.1523533338065109e-02,1.5693476004060919e+03,1.6382347741946544e-02,-1.0000000000000000e+00,-7.1374009103945604e-02,-7.5332764376150241e-01
1.4763998063964501e-01,4.2690644865810377e+01,6.1538133259270225e-02,1.5691032749355322e+03,1.6371392655884318e-02,-1.0000000000000000e+00,-7.1337849316410282e-02,-7.5313891700360025e-01
1.4762517538419123e-01,4.2702434814890282e+01,6.1547156506620772e-02,1.5689522734935433e+03,1.6364629329537101e-02,-1.0000000000000000e+00,-7.1315501339151349e-02,-7.5302227745505101e-01
1.4761602523331194e-01,4.2709721403985391e+01,6.1552733180048398e-02,1.5688589494721173e+03,1.6360452778471087e-02,-1.0000000000000000e+00,-7.1301689529932349e-02,-7.5295019025121679e-01
1.4761037012918374e-01,4.2714224763614759e+01,6.1556179753699293e-02,1.5688012720561064e+03,1.6357872494620115e-02,-1.0000000000000000e+00,-7.1293153362566086e-02,-7.5290563791001808e-01
1.4833922607890837e-01,4.2721511352145420e+01,6.1561756426694925e-02,1.5687079480419097e+03,1.6408167696701541e-02,-1.0000000000000000e+00,-7.1943547044322625e-02,-7.5283355071176805e-01
1.4760121997901329e-01,4.2935118908906148e+01,6.1561756426694925e-02,1.5687079480419097e+03,1.6282146441199200e-02,-1.0000000000000000e+00,-7.1279341554417036e-02,-7.5224019638743278e-01
1.4760121997901329e-01,4.2721511352145420e+01,6.1869565208828400e-02,1.5687079480419097e+03,1.6300500983672087e-02,-1.0000000000000000e+00,-7.0971532772283560e-02,-7.5283355071176805e-01
1.4760121997901329e-01,4.2721511352145420e+01,6.1561756426694925e-02,1.5765514877821192e+03,1.6372100648828200e-02,-1.0000000000000000e+00,-7.1279341554417036e-02,-7.5719107278966225e-01
1.4738589152805806e-01,4.3145583587399173e+01,6.1950535795639694e-02,1.5623150304267626e+03,1.6116602428629494e-02,-1.0000000000000000e+00,-7.0696766579612574e-02,-7.4810395138320374e-01
1.4751897182661061e-01,4.2883492538004319e+01,6.1710256936711720e-02,1.5662660707146190e+03,1.6262939931080318e-02,-1.0000000000000000e+00,-7.1056817707237818e-02,-7.5102700445810977e-01
1.4746813967404346e-01,4.2983602414178620e+01,6.1802035297209422e-02,1.5647569075635299e+03,1.6206975194941999e-02,-1.0000000000000000e+00,-7.0919290409429681e-02,-7.4991049749590932e-01
1.4743672367668761e-01,4.3045473718979750e+01,6.1858757442251479e-02,1.5638241934609464e+03,1.6172430030324748e-02,-1.0000000000000000e+00,-7.0834293866767373e-02,-7.4922045825891537e-01
1.4741730752296270e-01,4.3083712287425463e+01,6.1893813655023298e-02,1.5632477444565723e+03,1.6151109240405553e-02,-1.0000000000000000e+00,-7.0781763115643132e-02,-7.4879399056635820e-01
1.4740530768027896e-01,4.3107345021915556e+01,6.1915479585583459e-02,1.5628914793864826e+03,1.6137915920938408e-02,-1.0000000000000000e+00,-7.0749297326667598e-02,-7.4853041904272488e-01
1.4812282098569837e-01,4.3145583587399173e+01,6.1950535795639694e-02,1.5623150304267626e+03,1.6174044684558915e-02,-1.0000000000000000e+00,-7.1360003091488849e-02,-7.4810395138320374e-01
1.4738589152805806e-01,4.3361311505336168e+01,6.1950535795639694e-02,1.5623150304267626e+03,1.6044972307325957e-02,-1.0000000000000000e+00,-7.0696766579612574e-02,-7.4750470716671213e-01
1.4738589152805806e-01,4.3145583587399173e+01,6.2260288474617898e-02,1.5623150304267626e+03,1.6063867191735113e-02,-1.0000000000000000e+00,-7.0387013900634371e-02,-7.4810395138320374e-01
1.4738589152805806e-01,4.3145583587399173e+01,6.1950535795639694e-02,1.5701266055788965e+03,1.6134629431085002e-02,-1.0000000000000000e+00,-7.0696766579612574e-02,-7.5244371535661136e-01
1.4524544980668008e-01,4.5382298393094537e+01,6.3830563158069190e-02,1.5307415720549616e+03,1.4867289115766853e-02,-1.0000000000000000e+00,-6.6890341667942901e-02,-7.2435004449416052e-01
1.4656831551277566e-01,4.3999932649977850e+01,6.2668642373476094e-02,1.5502550420484370e+03,1.5633370636633413e-02,-1.0000000000000000e+00,-6.9242841588022006e-02,-7.3903076599919326e-01
1.4606302575817237e-01,4.4527949397175156e+01,6.3112456636261985e-02,1.5428015594923252e+03,1.5338422569502878e-02,-1.0000000000000000e+00,-6.8344266546093144e-02,-7.3342322917024971e-01
1.4575073952214185e-01,4.4854281686799283e+01,6.3386748929662742e-02,1.5381950540337004e+03,1.5157574632885836e-02,-1.0000000000000000e+00,-6.7788916640264915e-02,-7.2995758088872442e-01
1.4555773601834493e-01,4.5055966128931992e+01,6.3556270886069674e-02,1.5353480771541704e+03,1.5046356279849736e-02,-1.0000000000000000e+00,-6.7445691530440763e-02,-7.2781569250528355e-01
1.4543845329552627e-01,4.5180613966585021e+01,6.3661041214794045e-02,1.5335885487139549e+03,1.4977820317223256e-02,-1.0000000000000000e+00,-6.7233566751179585e-02,-7.2649193271168311e-01
1.4597167705571348e-01,4.5382298393094537e+01,6.3830563158069190e-02,1.5307415720549616e+03,1.4904263484148500e-02,-1.0000000000000000e+00,-6.7543946192072948e-02,-7.2435004449416052e-01
1.4524544980668008e-01,4.5609209885060011e+01,6.3830563158069190e-02,1.5307415720549616e+03,1.4794948714235562e-02,-1.0000000000000000e+00,-6.6890341667942901e-02,-7.2371973479425644e-01
1.4524544980668008e-01,4.5382298393094537e+01,6.4149715973859545e-02,1.5307415720549616e+03,1.4808318471213000e-02,-1.0000000000000000e+00,-6.6571188852152546e-02,-7.2435004449416052e-01
1.4524544980668008e-01,4.5382298393094537e+01,6.3830563158069190e-02,1.5383952799152366e+03,1.4887604661580027e-02,-1.0000000000000000e+00,-6.6890341667942901e-02,-7.2860210441653561e-01
1.4075523826753575e-01,5.1887662633699470e+01,6.9661393418559384e-02,1.4280407562290609e+03,1.1403225325574213e-02,-1.0000000000000000e+00,-5.7018321022222804e-02,-6.4922357947809084e-01
1.4353034155529296e-01,4.7867126510895538e+01,6.6057742213003062e-02,1.4915133497069428e+03,1.3513510244095346e-02,-1.0000000000000000e+00,-6.3119565186760596e-02,-6.9565428730692502e-01
1.4247034638510417e-01,4.9402834709773430e+01,6.7434214537397813e-02,1.4672689755163572e+03,1.2695936567854758e-02,-1.0000000000000000e+00,-6.0789097209195952e-02,-6.7791933442638330e-01
1.4181523335561355e-01,5.0351954553783017e+01,6.8284921200791077e-02,1.4522851285415913e+03,1.2197787061282371e-02,-1.0000000000000000e+00,-5.9348788819261117e-02,-6.6695853098482016e-01
1.4141035124591220e-01,5.0938542863743514e+01,6.8810686821541220e-02,1.4430246020347345e+03,1.1892608188004913e-02,-1.0000000000000000e+00,-5.8458629299779755e-02,-6.6018438206445373e-01
1.4116012034587350e-01,5.1301074369178181e+01,6.9135627838536912e-02,1.4373012820185643e+03,1.1705055300919393e-02,-1.0000000000000000e+00,-5.7908480472749241e-02,-6.5599772787370736e-01
1.4145901445887343e-01,5.1887662633699470e+01,6.9661393418559384e-02,1.4280407562290609e+03,1.1451228375925264e-02,-1.0000000000000000e+00,-5.7651719594426706e-02,-6.4922357947809084e-01
1.4075523826753575e-01,5.2147100946867965e+01,6.9661393418559384e-02,1.4280407562290609e+03,1.1329768287858172e-02,-1.0000000000000000e+00,-5.7018321022222804e-02,-6.4850291749706723e-01
1.4075523826753575e-01,5.1887662633699470e+01,7.0009700385652185e-02,1.4280407562290609e+03,1.1343553164485232e-02,-1.0000000000000000e+00,-5.6670014055130002e-02,-6.4922357947809084e-01
1.4075523826753575e-01,5.1887662633699470e+01,6.9661393418559384e-02,1.4351809600102063e+03,1.1421268124522738e-02,-1.0000000000000000e+00,-5.7018321022222804e-02,-6.5319035935650493e-01
1.3683641099366886e-01,5.6497843444190231e+01,7.3839775879799008e-02,1.3529104231985978e+03,9.0558163416640108e-03,-1.0000000000000000e+00,-4.9312994014502967e-02,-5.9467844776535927e-01
1.3925837939249688e-01,5.3648595070741436e+01,7.1257393556692972e-02,1.3993435215917445e+03,1.0491233635163237e-02,-1.0000000000000000e+00,-5.4075147896554238e-02,-6.2838919235446522e-01
1.3833326975191756e-01,5.4736911144542361e+01,7.2243775866190921e-02,1.3816076555968559e+03,9.9371425166143168e-03,-1.0000000000000000e+00,-5.2256166910534890e-02,-6.1551283326341344e-01
1.3776152056258592e-01,5.5409527454694143e+01,7.2853393646709758e-02,1.3706462878196028e+03,9.5982862571720260e-03,-1.0000000000000000e+00,-5.1131974859617568e-02,-6.0755480585896215e-01
1.3740816013839069e-01,5.5825227186518326e+01,7.3230158146844679e-02,1.3638717901206066e+03,9.3902428859580118e-03,-1.0000000000000000e+00,-5.0437185977706939e-02,-6.0263647454889724e-01
1.3718977139049154e-01,5.6082143744567631e+01,7.3463011408849602e-02,1.3596849203728170e+03,9.2621877217042136e-03,-1.0000000000000000e+00,-5.0007782842592788e-02,-5.9959677869443262e-01
1.3752059304863720e-01,5.6497843444190231e+01,7.3839775879799008e-02,1.3529104231985978e+03,9.0890920701262225e-03,-1.0000000000000000e+00,-4.9928757863974479e-02,-5.9467844776535927e-01
1.3683641099366886e-01,5.6780332661411180e+01,7.3839775879799008e-02,1.3529104231985978e+03,8.9819243482775288e-03,-1.0000000000000000e+00,-4.9312994014502967e-02,-5.9389375549530099e-01
1.3683641099366886e-01,5.6497843444190231e+01,7.4208974759198007e-02,1.3529104231985978e+03,8.9893859197481794e-03,-1.0000000000000000e+00,-4.8943795135103968e-02,-5.9467844776535927e-01
1.3683641099366886e-01,5.6497843444190231e+01,7.3839775879799008e-02,1.3596749753145907e+03,9.0750420755022487e-03,-1.0000000000000000e+00,-4.9312994014502967e-02,-5.9843653227424420e-01
1.3346917145046305e-01,6.1287160193995312e+01,7.8232838729656820e-02,1.2728618719218800e+03,6.7656357862011544e-03,-1.0000000000000000e+00,-4.1889415575759925e-02,-5.3690337275105748e-01
1.3555023989134929e-01,5.8327199723841737e+01,7.5517776632540654e-02,1.3223345962894612e+03,8.1611870651935280e-03,-1.0000000000000000e+00,-4.6477439269673709e-02,-5.7261033203902911e-01
1.3475534245243107e-01,5.9457804057076565e+01,7.6554838107838641e-02,1.3034376964453841e+03,7.6198696873754964e-03,-1.0000000000000000e+00,-4.4724970099349323e-02,-5.5897148675555630e-01
1.3426406882780570e-01,6.0156555948341115e+01,7.7195777334693308e-02,1.2917587703021359e+03,7.2902330723925834e-03,-1.0000000000000000e+00,-4.3641884610331819e-02,-5.5054221697801686e-01
1.3396044503675758e-01,6.0588408357249804e+01,7.7591899552810442e-02,1.2845407971538975e+03,7.0885049658878374e-03,-1.0000000000000000e+00,-4.2972500980271389e-02,-5.4533264187091579e-01
1.3377279521799140e-01,6.0855307818539444e+01,7.7836716542224724e-02,1.2800798445109883e+03,6.9646668139568182e-03,-1.0000000000000000e+00,-4.2558799153967541e-02,-5.4211294745460614e-01
1.3413651730771539e-01,6.1287160193995312e+01,7.8232838729656820e-02,1.2728618719218800e+03,6.8375523560101027e-03,-1.0000000000000000e+00,-4.2490026847287032e-02,-5.3690337275105748e-01
1.3346917145046305e-01,6.1593595994965291e+01,7.8232838729656820e-02,1.2728618719218800e+03,6.6912971761520458e-03,-1.0000000000000000e+00,-4.1889415575759925e-02,-5.3605216219280760e-01
1.3346917145046305e-01,6.1287160193995312e+01,7.8624002923305097e-02,1.2728618719218800e+03,6.7120264039369337e-03,-1.0000000000000000e+00,-4.1498251382111648e-02,-5.3690337275105748e-01
1.3346917145046305e-01,6.1287160193995312e+01,7.8232838729656820e-02,1.2792261812814895e+03,6.7774416642553854e-03,-1.0000000000000000e+00,-4.1889415575759925e-02,-5.4043910017306274e-01
1.3209734460216321e-01,6.2652999898197741e+01,7.9399220415304686e-02,1.2492317131717148e+03,6.1282642537823281e-03,-1.0000000000000000e+00,-3.9488389726642203e-02,-5.1998150760040340e-01
1.3294518020272733e-01,6.1808864556101192e+01,7.8678356905333396e-02,1.2638359541225329e+03,6.5200585613641665e-03,-1.0000000000000000e+00,-4.0972305277121202e-02,-5.3043979519001494e-01
1.3262133580901531e-01,6.2131295576797051e+01,7.8953702274388998e-02,1.2582576302668283e+03,6.3695697272771572e-03,-1.0000000000000000e+00,-4.0405499953724777e-02,-5.2644508465713502e-01
1.3242118897078917e-01,6.2330568902478525e+01,7.9123875067578328e-02,1.2548100365953028e+03,6.2771012484123317e-03,-1.0000000000000000e+00,-4.0055195006131930e-02,-5.2397621782383896e-01
1.3229749142477323e-01,6.2453726588064256e+01,7.9229047635392832e-02,1.2526793065742472e+03,6.2201283164155926e-03,-1.0000000000000000e+00,-3.9838694646903081e-02,-5.2245037424106999e-01
1.3222104213859712e-01,6.2529842222152240e+01,7.9294047855637234e-02,1.2513624430277164e+03,6.1849991037262290e-03,-1.0000000000000000e+00,-3.9704890069100177e-02,-5.2150735106497514e-01
1.3275783132517405e-01,6.2652999898197741e+01,7.9399220415304686e-02,1.2492317131717148e+03,6.1858734935721933e-03,-1.0000000000000000e+00,-4.0082827777351962e-02,-5.1998150760040340e-01
1.3209734460216321e-01,6.2966264897688731e+01,7.9399220415304686e-02,1.2492317131717148e+03,6.0539670422983510e-03,-1.0000000000000000e+00,-3.9488389726642203e-02,-5.1911132704626173e-01
1.3209734460216321e-01,6.2652999898197741e+01,7.9796216517381210e-02,1.2492317131717148e+03,6.0693580579426034e-03,-1.0000000000000000e+00,-3.9091393624565679e-02,-5.1998150760040340e-01
1.3209734460216321e-01,6.2652999898197741e+01,7.9399220415304686e-02,1.2554778717375734e+03,6.1418886124219923e-03,-1.0000000000000000e+00,-3.9488389726642203e-02,-5.2345159569254707e-01
1.3100351486986803e-01,6.3832391477523245e+01,8.0403521926819904e-02,1.2247595959742771e+03,5.5880211355091450e-03,-1.0000000000000000e+00,-3.7499641456061328e-02,-5.0310979921481158e-01
1.3167953880768843e-01,6.3103487411243322e+01,7.9782829471195305e-02,1.2398841958513533e+03,5.9206119334647769e-03,-1.0000000000000000e+00,-3.8728755455724281e-02,-5.1353708821952038e-01
1.3142132063174414e-01,6.3381903999626267e+01,8.0019912900859802e-02,1.2341071125653127e+03,5.7930597975031205e-03,-1.0000000000000000e+00,-3.8259275667709924e-02,-5.0955421809287849e-01
1.3126173302580979e-01,6.3553974910707424e+01,8.0166438515520730e-02,1.2305366788128044e+03,5.7145557743965248e-03,-1.0000000000000000e+00,-3.7969121207708081e-02,-5.0709266903292627e-01
1.3116310246335078e-01,6.3660320579867658e+01,8.0256996323591401e-02,1.2283300294482078e+03,5.6661500717112446e-03,-1.0000000000000000e+00,-3.7789795893424308e-02,-5.0557134808270532e-01
1.3110214542468676e-01,6.3726045816600923e+01,8.0312964125764164e-02,1.2269662451679387e+03,5.6362840836636187e-03,-1.0000000000000000e+00,-3.7678966756453922e-02,-5.0463112004718558e-01
1.3165853244421735e-01,6.3832391477523245e+01,8.0403521926819904e-02,1.2247595959742771e+03,5.6447415661846495e-03,-1.0000000000000000e+00,-3.8089157272975710e-02,-5.0310979921481158e-01
1.3100351486986803e-01,6.4151553434910866e+01,8.0403521926819904e-02,1.2247595959742771e+03,5.5138137945820020e-03,-1.0000000000000000e+00,-3.7499641456061328e-02,-5.0222323822206816e-01
1.3100351486986803e-01,6.3832391477523245e+01,8.0805539536454002e-02,1.2247595959742771e+03,5.5289141142718613e-03,-1.0000000000000000e+00,-3.7097623846427230e-02,-5.0310979921481158e-01
1.3100351486986803e-01,6.3832391477523245e+01,8.0403521926819904e-02,1.2308833939541485e+03,5.6011455876785144e-03,-1.0000000000000000e+00,-3.7499641456061328e-02,-5.0651190920362898e-01
1.2983610045504354e-01,6.4957087191346574e+01,8.1345542237009030e-02,1.1982195193683867e+03,5.0747335099244652e-03,-1.0000000000000000e+00,-3.5506948172530153e-02,-4.8524115745091884e-01
1.3055760222673332e-01,6.4261987028258872e+01,8.0763341679830361e-02,1.2146221884195579e+03,5.3904486166428036e-03,-1.0000000000000000e+00,-3.6738500324229637e-02,-4.9628458515459090e-01
1.3028201306338658e-01,6.4527491674129493e+01,8.0985722512072963e-02,1.2083569261321500e+03,5.2692520135231291e-03,-1.0000000000000000e+00,-3.6268089244974960e-02,-4.9206637097861250e-01
1.3011168959704217e-01,6.4691582566042882e+01,8.1123161421992843e-02,1.2044847811704649e+03,5.1947381428057715e-03,-1.0000000000000000e+00,-3.5977359215345117e-02,-4.8945937130013917e-01
1.3000642390809872e-01,6.4792996312236127e+01,8.1208103337812601e-02,1.2020916640279536e+03,5.1488176913768342e-03,-1.0000000000000000e+00,-3.5797678179476253e-02,-4.8784815692598499e-01
1.2994136613583274e-01,6.4855673453009175e+01,8.1260600327769175e-02,1.2006126363255185e+03,5.1204736970481999e-03,-1.0000000000000000e+00,-3.5686629194480290e-02,-4.8685237170026258e-01
1.3048528095731876e-01,6.4957087191346574e+01,8.1345542237009030e-02,1.1982195193683867e+03,5.1253774764591494e-03,-1.0000000000000000e+00,-3.6091210624577860e-02,-4.8524115745091884e-01
1.2983610045504354e-01,6.5281872627303301e+01,8.1345542237009030e-02,1.1982195193683867e+03,5.0008243587786909e-03,-1.0000000000000000e+00,-3.5506948172530153e-02,-4.8433897568437234e-01
1.2983610045504354e-01,6.4957087191346574e+01,8.1752269948194067e-02,1.1982195193683867e+03,5.0133619855892439e-03,-1.0000000000000000e+00,-3.5100220461345116e-02,-4.8524115745091884e-01
1.2983610045504354e-01,6.4957087191346574e+01,8.1345542237009030e-02,1.2042106169652286e+03,5.0880789707045066e-03,-1.0000000000000000e+00,-3.5506948172530153e-02,-4.8856954500471989e-01
1.2803759017265323e-01,6.6567379668893636e+01,8.3028727481048656e-02,1.1663641672837543e+03,4.3187284387867769e-03,-1.0000000000000000e+00,-3.2205103674339250e-02,-4.6307070496627006e-01
1.2914913063220973e-01,6.5572164207498446e+01,8.1988461813402871e-02,1.1860518571692005e+03,4.7821543238958089e-03,-1.0000000000000000e+00,-3.4245755755585888e-02,-4.7677279785094906e-01
1.2872455994188725e-01,6.5952302700732204e+01,8.2385807954817633e-02,1.1785318285335770e+03,4.6036173392576766e-03,-1.0000000000000000e+00,-3.3466295992880896e-02,-4.7153906390550887e-01
1.2846216083008696e-01,6.6187241205106744e+01,8.2631381370413745e-02,1.1738841953368499e+03,4.4941945213611001e-03,-1.0000000000000000e+00,-3.2984563376664527e-02,-4.6830443850628678e-01
1.2829998926398020e-01,6.6332441182849820e+01,8.2783154084613036e-02,1.1710118001178569e+03,4.4269522277853388e-03,-1.0000000000000000e+00,-3.2686836252969143e-02,-4.6630533011311537e-01
1.2819976172619763e-01,6.6422179702398267e+01,8.2876954778606224e-02,1.1692365622802413e+03,4.3855307819690046e-03,-1.0000000000000000e+00,-3.2502830774971639e-02,-4.6506981320458335e-01
1.2867777812351650e-01,6.6567379668893636e+01,8.3028727481048656e-02,1.1663641672837543e+03,4.3593677223702030e-03,-1.0000000000000000e+00,-3.2781272830116198e-02,-4.6307070496627006e-01
1.2803759017265323e-01,6.6900216567238104e+01,8.3028727481048656e-02,1.1663641672837543e+03,4.2453849560272943e-03,-1.0000000000000000e+00,-3.2205103674339250e-02,-4.6214615802642434e-01
1.2803759017265323e-01,6.6567379668893636e+01,8.3443871118453902e-02,1.1663641672837543e+03,4.2543734794701655e-03,-1.0000000000000000e+00,-3.1789960036934004e-02,-4.6307070496627006e-01
1.2803759017265323e-01,6.6567379668893636e+01,8.3028727481048656e-02,1.1721959881201731e+03,4.3329752079819886e-03,-1.0000000000000000e+00,-3.2205103674339250e-02,-4.6631060543094716e-01
1.2542879732251286e-01,6.8896018695194542e+01,8.5468484787669066e-02,1.1200607086187524e+03,3.2925697917573480e-03,-1.0000000000000000e+00,-2.7417432802592512e-02,-4.3087811952376653e-01
1.2704111993858308e-01,6.7456840660584888e+01,8.3960631880538067e-02,1.1486778192505296e+03,3.9157324022346084e-03,-1.0000000000000000e+00,-3.0376376064186708e-02,-4.5077423108200287e-01
1.2642526747883490e-01,6.8006557772902141e+01,8.4536580460890090e-02,1.1377470552720263e+03,3.6730850750364809e-03,-1.0000000000000000e+00,-2.9246160270061314e-02,-4.4317459244861973e-01
1.2604464973455495e-01,6.8346301625460328e+01,8.4892536251932091e-02,1.1309914717505194e+03,3.5258478060387799e-03,-1.0000000000000000e+00,-2.8547648509167370e-02,-4.3847775756845431e-01
1.2580941503709570e-01,6.8556274869144360e+01,8.5112529024400002e-02,1.1268162916131650e+03,3.4359884457340526e-03,-1.0000000000000000e+00,-2.8115944508986121e-02,-4.3557495403746849e-01
1.2566403200175000e-01,6.8686045467775799e+01,8.5248492032242593e-02,1.1242358884326823e+03,3.3809179989117816e-03,-1.0000000000000000e+00,-2.7849136769332414e-02,-4.3378092282989072e-01
1.2605594130912542e-01,6.8896018695194542e+01,8.5468484787669066e-02,1.1200607086187524e+03,3.3199537127117621e-03,-1.0000000000000000e+00,-2.7981862390543816e-02,-4.3087811952376653e-01
1.2542879732251286e-01,6.9240498788670521e+01,8.5468484787669066e-02,1.1200607086187524e+03,3.2211878839236412e-03,-1.0000000000000000e+00,-2.7417432802592512e-02,-4.2992123037522212e-01
1.2542879732251286e-01,6.8896018695194542e+01,8.5895827211607406e-02,1.1200607086187524e+03,3.2264358064906964e-03,-1.0000000000000000e+00,-2.6990090378654172e-02,-4.3087811952376653e-01
1.2542879732251286e-01,6.8896018695194542e+01,8.5468484787669066e-02,1.1256610121618462e+03,3.3077765764854580e-03,-1.0000000000000000e+00,-2.7417432802592512e-02,-4.3398939926992974e-01
1.2336200885840218e-01,7.1204726777910579e+01,8.7720990253778997e-02,1.0732057970049893e+03,2.4252558216499823e-03,-1.0000000000000000e+00,-2.3304817718782969e-02,-3.9843453506413135e-01
1.2463935434911044e-01,6.9777866743597400e+01,8.6328865346032693e-02,1.1021637242949148e+03,2.9398222966572807e-03,-1.0000000000000000e+00,-2.5846553568166702e-02,-4.1848577254273767e-01
1.2415145177020952e-01,7.0322878798312559e+01,8.6860609762545282e-02,1.0911027799324415e+03,2.7335701671786605e-03,-1.0000000000000000e+00,-2.4875696830643279e-02,-4.1082688107826598e-01
1.2384991139950842e-01,7.0659714765413995e+01,8.7189245878457250e-02,1.0842667405106424e+03,2.6116726897891093e-03,-1.0000000000000000e+00,-2.4275674381100329e-02,-4.0609342593531805e-01
1.2366354920557601e-01,7.0867890837090272e+01,8.7392354163508379e-02,1.0800418358934166e+03,2.5387733765899994e-03,-1.0000000000000000e+00,-2.3904840121510035e-02,-4.0316798983775848e-01
1.2354837103789831e-01,7.0996550722360354e+01,8.7517881984461379e-02,1.0774307012949387e+03,2.4947490027417214e-03,-1.0000000000000000e+00,-2.3675651949647103e-02,-4.0135997093507608e-01
1.2397881890269419e-01,7.1204726777910579e+01,8.7720990253778997e-02,1.0732057970049893e+03,2.5148828204301912e-03,-1.0000000000000000e+00,-2.3859946758645778e-02,-3.9843453506413135e-01
1.2336200885840218e-01,7.1560750411800129e+01,8.7720990253778997e-02,1.0732057970049893e+03,2.3584604948762812e-03,-1.0000000000000000e+00,-2.3304817718782969e-02,-3.9744558052554929e-01
1.2336200885840218e-01,7.1204726777910579e+01,8.8159595205047889e-02,1.0732057970049893e+03,2.4000520670143417e-03,-1.0000000000000000e+00,-2.2866212767514077e-02,-3.9843453506413135e-01
1.2336200885840218e-01,7.1204726777910579e+01,8.7720990253778997e-02,1.0785718259900143e+03,2.4263626303064781e-03,-1.0000000000000000e+00,-2.3304817718782969e-02,-4.0141566227803410e-01
1.2309000446601165e-01,7.1275043004957610e+01,8.7754190033580079e-02,1.0730513540776656e+03,2.4005117202189011e-03,-1.0000000000000000e+00,-2.3026813985830411e-02,-3.9815341058493192e-01
1.2325811242195692e-01,7.1231585187623224e+01,8.7733671441688463e-02,1.0731468050540061e+03,2.4137781349990112e-03,-1.0000000000000000e+00,-2.3198629738072768e-02,-3.9832715506438332e-01
1.2319390089435056e-01,7.1248184597340554e+01,8.7741508846660057e-02,1.0731103460240461e+03,2.4079323391000538e-03,-1.0000000000000000e+00,-2.3133001958255447e-02,-3.9826079057630182e-01
1.2315421598864393e-01,7.1258443596526135e+01,8.7746352629215582e-02,1.0730878131048016e+03,2.4047995502205345e-03,-1.0000000000000000e+00,-2.3092441760563950e-02,-3.9821977506787271e-01
1.2312968936862191e-01,7.1264784006572484e+01,8.7749346251402502e-02,1.0730738869951522e+03,2.4030507149048089e-03,-1.0000000000000000e+00,-2.3067374180357217e-02,-3.9819442609016104e-01
1.2311453108413374e-01,7.1268702595402416e+01,8.7751196411625085e-02,1.0730652801862364e+03,2.4020484440896443e-03,-1.0000000000000000e+00,-2.3051881564095281e-02,-3.9817875956068016e-01
1.2370545448834171e-01,7.1275043004957610e+01,8.7754190033580079e-02,1.0730513540776656e+03,2.4491839023940069e-03,-1.0000000000000000e+00,-2.3580719005927453e-02,-3.9815341058493192e-01
1.2309000446601165e-01,7.1631418219982393e+01,8.7754190033580079e-02,1.0730513540776656e+03,2.3343967297344784e-03,-1.0000000000000000e+00,-2.3026813985830411e-02,-3.9716347943208535e-01
1.2309000446601165e-01,7.1275043004957610e+01,8.8192960983747987e-02,1.0730513540776656e+03,2.3552077205442144e-03,-1.0000000000000000e+00,-2.2588043035662503e-02,-3.9815341058493192e-01
1.2309000446601165e-01,7.1275043004957610e+01,8.7754190033580079e-02,1.0784166108480540e+03,2.4093985284732162e-03,-1.0000000000000000e+00,-2.3026813985830411e-02,-4.0113410879070327e-01
1.2112773319246702e-01,7.3079679120227510e+01,8.9442941400171838e-02,1.0366246223735120e+03,1.8886494548221247e-03,-1.0000000000000000e+00,-1.9572018473048472e-02,-3.7290345931798585e-01
1.2234048350839599e-01,7.1964352687824018e+01,8.8399235679677807e-02,1.0591375801781035e+03,2.1828570164280385e-03,-1.0000000000000000e+00,-2.1707199477878594e-02,-3.8850878707721298e-01
1.2187725409160242e-01,7.2390369491143446e+01,8.8797895804402824e-02,1.0505383951874730e+03,2.0609526980630362e-03,-1.0000000000000000e+00,-2.0891632878039357e-02,-3.8254808207319768e-01
1.2159096257337715e-01,7.2653662349908842e+01,8.9044281306328465e-02,1.0452238066980187e+03,1.9912165162267403e-03,-1.0000000000000000e+00,-2.0387585009710968e-02,-3.7886416386026361e-01
1.2141402468835481e-01,7.2816386282005141e+01,8.9196555917470069e-02,1.0419392104483034e+03,1.9504645733416563e-03,-1.0000000000000000e+00,-2.0076066302049264e-02,-3.7658737724348756e-01
1.2130467106378312e-01,7.2916955200736382e+01,8.9290666800825980e-02,1.0399092183687910e+03,1.9262356111024465e-03,-1.0000000000000000e+00,-1.9883537156578826e-02,-3.7518024575839398e-01
1.2173337185842935e-01,7.3079679120227510e+01,8.9442941400171838e-02,1.0366246223735120e+03,1.9298674552970132e-03,-1.0000000000000000e+00,-2.0117093272414580e-02,-3.7290345931798585e-01
1.2112773319246702e-01,7.3445077515828643e+01,8.9442941400171838e-02,1.0366246223735120e+03,1.8347104614493638e-03,-1.0000000000000000e+00,-1.9572018473048472e-02,-3.7188846377464935e-01
1.2112773319246702e-01,7.3079679120227510e+01,8.9890156107172700e-02,1.0366246223735120e+03,1.8591032356968383e-03,-1.0000000000000000e+00,-1.9124803766047610e-02,-3.7290345931798585e-01
1.2112773319246702e-01,7.3079679120227510e+01,8.9442941400171838e-02,1.0418077454853794e+03,1.8951809261483266e-03,-1.0000000000000000e+00,-1.9572018473048472e-02,-3.7578297215791218e-01
1.1975997000268844e-01,7.4629077451353183e+01,9.0450112476281527e-02,1.0102001353635105e+03,1.6592475246362986e-03,-1.0000000000000000e+00,-1.7333860526138070e-02,-3.5391930450374703e-01
1.2060529412422218e-01,7.3671496641347133e+01,8.9827646532243052e-02,1.0265313661172238e+03,1.7814808880638228e-03,-1.0000000000000000e+00,-1.8717118179556902e-02,-3.6565215717249344e-01
1.2028240903017076e-01,7.4037259976409231e+01,9.0065407374226372e-02,1.0202933908322876e+03,1.7268563976722937e-03,-1.0000000000000000e+00,-1.8188760752927316e-02,-3.6117060608346746e-01
1.2008285507172800e-01,7.4263314144624417e+01,9.0212351652716030e-02,1.0164381101652310e+03,1.6978986414170256e-03,-1.0000000000000000e+00,-1.7862217911839173e-02,-3.5840085524561610e-01
1.1995952394556131e-01,7.4403023300775544e+01,9.0303168209256976e-02,1.0140554157297648e+03,1.6819107289613557e-03,-1.0000000000000000e+00,-1.7660403341748204e-02,-3.5668905512549282e-01
1.1988330111930147e-01,7.4489368306024431e+01,9.0359295926775565e-02,1.0125828296144048e+03,1.6727902234380298e-03,-1.0000000000000000e+00,-1.7535675080595753e-02,-3.5563110449126811e-01
1.2035876985270189e-01,7.4629077451353183e+01,9.0450112476281527e-02,1.0102001353635105e+03,1.6735530980598293e-03,-1.0000000000000000e+00,-1.7872780391150173e-02,-3.5391930450374703e-01
1.1975997000268844e-01,7.5002222838609953e+01,9.0450112476281527e-02,1.0102001353635105e+03,1.6229705938314086e-03,-1.0000000000000000e+00,-1.7333860526138070e-02,-3.5288278953914493e-01
1.1975997000268844e-01,7.4629077451353183e+01,9.0902363038662934e-02,1.0102001353635105e+03,1.6381484185766710e-03,-1.0000000000000000e+00,-1.6881609963756664e-02,-3.5391930450374703e-01
1.1975997000268844e-01,7.4629077451353183e+01,9.0450112476281527e-02,1.0152511360403281e+03,1.6661347100190385e-03,-1.0000000000000000e+00,-1.7333860526138070e-02,-3.5672541599086788e-01
